| No  | Color Name             | glColor3f(r, g, b) |
| --- | ---------------------- | ------------------ |
| 1   | White                  | (1.0, 1.0, 1.0)    |
| 2   | Black                  | (0.0, 0.0, 0.0)    |
| 3   | Red                    | (1.0, 0.0, 0.0)    |
| 4   | Green                  | (0.0, 1.0, 0.0)    |
| 5   | Blue                   | (0.0, 0.0, 1.0)    |
| 6   | Yellow                 | (1.0, 1.0, 0.0)    |
| 7   | Cyan                   | (0.0, 1.0, 1.0)    |
| 8   | Magenta                | (1.0, 0.0, 1.0)    |
| 9   | Gray                   | (0.5, 0.5, 0.5)    |
| 10  | Light Gray             | (0.8, 0.8, 0.8)    |
| 11  | Dark Gray              | (0.3, 0.3, 0.3)    |
| 12  | Orange                 | (1.0, 0.5, 0.0)    |
| 13  | Pink                   | (1.0, 0.75, 0.8)   |
| 14  | Brown                  | (0.6, 0.3, 0.0)    |
| 15  | Purple                 | (0.5, 0.0, 0.5)    |
| 16  | Sky Blue               | (0.53, 0.81, 0.92) |
| 17  | Olive                  | (0.5, 0.5, 0.0)    |
| 18  | Teal                   | (0.0, 0.5, 0.5)    |
| 19  | Navy                   | (0.0, 0.0, 0.5)    |
| 20  | Lime                   | (0.75, 1.0, 0.0)   |
| 21  | Gold                   | (1.0, 0.84, 0.0)   |
| 22  | Silver                 | (0.75, 0.75, 0.75) |
| 23  | Coral                  | (1.0, 0.5, 0.31)   |
| 24  | Salmon                 | (0.98, 0.5, 0.45)  |
| 25  | Tomato                 | (1.0, 0.39, 0.28)  |
| 26  | Crimson                | (0.86, 0.08, 0.24) |
| 27  | Firebrick              | (0.7, 0.13, 0.13)  |
| 28  | Maroon                 | (0.5, 0.0, 0.0)    |
| 29  | Dark Red               | (0.55, 0.0, 0.0)   |
| 30  | Light Coral            | (0.94, 0.5, 0.5)   |
| 31  | Indian Red             | (0.8, 0.36, 0.36)  |
| 32  | Dark Salmon            | (0.91, 0.59, 0.48) |
| 33  | Light Salmon           | (1.0, 0.63, 0.48)  |
| 34  | Peach Puff             | (1.0, 0.85, 0.73)  |
| 35  | Moccasin               | (1.0, 0.89, 0.71)  |
| 36  | Papaya Whip            | (1.0, 0.94, 0.84)  |
| 37  | Beige                  | (0.96, 0.96, 0.86) |
| 38  | Antique White          | (0.98, 0.92, 0.84) |
| 39  | Linen                  | (0.98, 0.94, 0.9)  |
| 40  | Ivory                  | (1.0, 1.0, 0.94)   |
| 41  | Mint Cream             | (0.96, 1.0, 0.98)  |
| 42  | Honeydew               | (0.94, 1.0, 0.94)  |
| 43  | Light Green            | (0.56, 0.93, 0.56) |
| 44  | Pale Green             | (0.6, 0.98, 0.6)   |
| 45  | Dark Green             | (0.0, 0.39, 0.0)   |
| 46  | Forest Green           | (0.13, 0.55, 0.13) |
| 47  | Sea Green              | (0.18, 0.55, 0.34) |
| 48  | Medium Sea Green       | (0.24, 0.7, 0.44)  |
| 49  | Spring Green           | (0.0, 1.0, 0.5)    |
| 50  | Light Sea Green        | (0.13, 0.7, 0.67)  |
| 51  | Medium Aquamarine      | (0.4, 0.8, 0.67)   |
| 52  | Aquamarine             | (0.5, 1.0, 0.83)   |
| 53  | Turquoise              | (0.25, 0.88, 0.82) |
| 54  | Dark Turquoise         | (0.0, 0.81, 0.82)  |
| 55  | Cadet Blue             | (0.37, 0.62, 0.63) |
| 56  | Steel Blue             | (0.27, 0.51, 0.71) |
| 57  | Light Steel Blue       | (0.69, 0.77, 0.87) |
| 58  | Powder Blue            | (0.69, 0.88, 0.9)  |
| 59  | Deep Sky Blue          | (0.0, 0.75, 1.0)   |
| 60  | Dodger Blue            | (0.12, 0.56, 1.0)  |
| 61  | Cornflower Blue        | (0.39, 0.58, 0.93) |
| 62  | Royal Blue             | (0.25, 0.41, 0.88) |
| 63  | Medium Blue            | (0.0, 0.0, 0.8)    |
| 64  | Dark Blue              | (0.0, 0.0, 0.55)   |
| 65  | Midnight Blue          | (0.1, 0.1, 0.44)   |
| 66  | Lavender               | (0.9, 0.9, 0.98)   |
| 67  | Thistle                | (0.85, 0.75, 0.85) |
| 68  | Plum                   | (0.87, 0.63, 0.87) |
| 69  | Violet                 | (0.93, 0.51, 0.93) |
| 70  | Orchid                 | (0.85, 0.44, 0.84) |
| 71  | Fuchsia                | (1.0, 0.0, 1.0)    |
| 72  | Medium Orchid          | (0.73, 0.33, 0.83) |
| 73  | Medium Purple          | (0.58, 0.44, 0.86) |
| 74  | Blue Violet            | (0.54, 0.17, 0.89) |
| 75  | Dark Violet            | (0.58, 0.0, 0.83)  |
| 76  | Dark Orchid            | (0.6, 0.2, 0.8)    |
| 77  | Indigo                 | (0.29, 0.0, 0.51)  |
| 78  | Slate Blue             | (0.42, 0.35, 0.8)  |
| 79  | Light Slate Blue       | (0.52, 0.44, 1.0)  |
| 80  | Slate Gray             | (0.44, 0.5, 0.56)  |
| 81  | Light Slate Gray       | (0.47, 0.53, 0.6)  |
| 82  | Dim Gray               | (0.41, 0.41, 0.41) |
| 83  | Gainsboro              | (0.86, 0.86, 0.86) |
| 84  | Snow                   | (1.0, 0.98, 0.98)  |
| 85  | Seashell               | (1.0, 0.96, 0.93)  |
| 86  | Floral White           | (1.0, 0.98, 0.94)  |
| 87  | Old Lace               | (0.99, 0.96, 0.9)  |
| 88  | Wheat                  | (0.96, 0.87, 0.7)  |
| 89  | Tan                    | (0.82, 0.71, 0.55) |
| 90  | Khaki                  | (0.94, 0.9, 0.55)  |
| 91  | Dark Khaki             | (0.74, 0.72, 0.42) |
| 92  | Burlywood              | (0.87, 0.72, 0.53) |
| 93  | Peru                   | (0.8, 0.52, 0.25)  |
| 94  | Chocolate              | (0.82, 0.41, 0.12) |
| 95  | Saddle Brown           | (0.55, 0.27, 0.07) |
| 96  | Sienna                 | (0.63, 0.32, 0.18) |
| 97  | Rosy Brown             | (0.74, 0.56, 0.56) |
| 98  | Light Pink             | (1.0, 0.71, 0.76)  |
| 99  | Hot Pink               | (1.0, 0.41, 0.7)   |
| 100 | Deep Pink              | (1.0, 0.08, 0.58)  |
| 101 | Pale Violet Red        | (0.86, 0.44, 0.58) |
| 102 | Medium Violet Red      | (0.78, 0.08, 0.52) |
| 103 | Light Yellow           | (1.0, 1.0, 0.88)   |
| 104 | Lemon Chiffon          | (1.0, 0.98, 0.8)   |
| 105 | Light Goldenrod Yellow | (0.98, 0.98, 0.82) |
| 106 | Pale Goldenrod         | (0.93, 0.91, 0.67) |
| 107 | Cornsilk               | (1.0, 0.97, 0.86)  |
| 108 | Blanched Almond        | (1.0, 0.92, 0.8)   |
| 109 | Bisque                 | (1.0, 0.89, 0.77)  |
| 110 | Navajo White           | (1.0, 0.87, 0.68)  |
| 111 | Light Cyan             | (0.88, 1.0, 1.0)   |
| 112 | Pale Turquoise         | (0.69, 0.93, 0.93) |
| 113 | Azure                  | (0.94, 1.0, 1.0)   |
| 114 | Alice Blue             | (0.94, 0.97, 1.0)  |
| 115 | Ghost White            | (0.97, 0.97, 1.0)  |